0.339785
0.097085
0.267585
0.159085
0.104085
0.113185
0.109185
0.101585
0.091085
0.105085
0.0968850000000001
0.103585
0.097385
0.0966850000000001
0.0943850000000001
0.104385
0.0887850000000001
0.0986850000000001
0.102685
0.0988850000000001
0.105785
0.725085
0.0344850000000001
0.311185
0.0436850000000001
0.042685
0.109485
0.0624850000000001
0.0443850000000001
0.042885
0.0458850000000001
0.055385
0.0439850000000001
0.049185
0.049085
0.0525850000000001
0.0463850000000001
0.0459850000000001
0.0476850000000002
0.0459850000000001
0.0457850000000001
0.049485
0.0382850000000001
0.0499850000000001
0.0482850000000001
0.0482850000000001
0.0484850000000001
0.0418850000000001
0.0459850000000001
0.059585
0.0485850000000001
0.052885
0.0477850000000001
0.0440850000000001
0.042885
0.055085
0.053485
0.044985
0.0561850000000001
0.928985
0.0497850000000001
0.444285
0.195985
0.045485
0.125385
0.0525850000000001
0.046685
0.0541850000000001
0.0499850000000001
0.0402850000000001
0.0415850000000002
0.049485
0.049085
0.051085
0.053385
0.049185
0.039085
0.040585
0.0502850000000001
0.0504850000000001
0.0485850000000001
0.730785
0.0282850000000001
0.301285
0.0476850000000002
0.0563850000000001
0.0457850000000001
0.0382850000000001
0.0383850000000001
0.0359850000000001
0.049285
0.043085