0.420485
0.198985
0.377685
0.257585
0.188585
0.208185
0.198585
0.188485
0.198985
0.189985
0.189685
0.186185
0.194985
0.193685
0.192085
0.189385
0.198185
0.203385
0.196585
0.193985
0.189685
0.821685
0.089085
0.232985
0.075185
0.065385
0.107285
0.087685
0.0765850000000001
0.0820850000000001
0.0843850000000001
0.071585
0.0929850000000001
0.0923850000000001
0.0940850000000002
0.0767850000000001
0.077485
0.0699850000000001
0.0719850000000001
0.079285
0.0721850000000001
0.070885
0.0806850000000001
0.077285
0.0826850000000001
0.0700850000000001
0.081385
0.0777849999999999
0.080985
0.0686850000000001
0.0741850000000001
0.087285
0.0804850000000001
0.0822850000000001
0.072885
0.079685
0.095585
0.081285
0.095785
0.960485
0.067585
0.557485
0.203585
0.0762850000000001
0.175385
0.081685
0.0787850000000001
0.079085
0.079385
0.0762850000000001
0.0827850000000001
0.080985
0.0827850000000001
0.077485
0.0828850000000001
0.0727850000000001
0.0786850000000001
0.100985
0.0899850000000002
0.079685
0.119985
0.802985
0.099485
0.246685
0.0723850000000001
0.083585
0.072985
0.0807850000000001
0.087485
0.083185
0.077485
0.0818850000000002