0.39683358435671
0.336673442986483
0.476142404093359
0.364294054985479
0.35058718610026
0.349805202068837
0.349690366429203
0.349025577156477
0.348686251447319
0.348417310810374
0.34976771108995
0.348898721581488
0.349329049659882
0.349756079803724
0.349350871431371
0.349559938820981
0.326211308713967
0.294919185952573
0.304433054274084
0.297536828493547
0.297563403544725
0.296154925832322
0.297350803135305
0.296314376139386
0.296606701702338
0.297390665712071
0.297417240763249
0.296447251395273
0.295450686976121
0.297656416223845
0.296022050576435
0.296247938511443
0.296965464893233
0.297337515609716
0.295610137283185
0.376092679773955
0.501181445665998
0.290587452610656
0.274071058303899
0.273699007587415
0.281153309442677
0.275771861579253
0.273499694703585
0.275173922927761
0.274815159736866
0.274602559327447
0.273765445215359
0.274894884890398
0.274323521290084
0.274416533969205
0.274283658713318
0.275280223132471
0.273579419857117
0.274031195727133
0.273792020266536
0.273978045624778
0.275439673439535
0.274031195727133
0.275572548695422
0.274389958918028
0.274655709429802
0.274562696750681
0.27385845789448
0.273911607996834
0.273978045624778
0.274496259122737
0.273885032945657
0.274629134378624
0.2747752971601
0.274868309839221
0.274257083662141
0.275001185095108
0.274841734788044
0.274549409225092
0.275253648081293
0.273738870164181
0.274110920880665
0.27488159736481
0.616727674796512
0.204782263957351
0.60996934053799
0.0672121704592427
0.0622797057543509
0.115062663930548
0.0809405908543225
0.0694712392028258
0.0738862713023622
0.0663287435601729
0.0716024933376398
0.0692935084751991
0.0724034348775177
0.0709915682532327
0.070087186771053
0.0713800134925424
0.341984237245287
0.0736496359566556
0.146160106452995
0.0678916014056463
0.0761974388553325
0.0697769755506669
0.0737005920146289
0.0774713403046707
0.0721719102754232
0.0714585254637936
0.0725286026812379
0.0732929435508409
0.074923537405994
0.0693693270868787
0.0721719102754232
0.0725795587392112
0.0723247784493437
0.0697769755506669
0.472686525947403
0.94194086382568
0.130414684539173
0.0694712392028258
0.0762483949133059
0.068706898333223
0.0714075694058202
0.0668724802461757
0.0698788876666141
0.0707451406521642
0.0722228663333965
0.0729362511450262
0.0677387332317258
0.0728852950870528
0.0663629196664403
0.0686559422752493
0.0705413164202701
0.0678406453476729
0.0689616786230906
0.0717642618116349
0.0681973377534876
0.0724266905652908
0.0697769755506669
0.0701846240144554
0.0707451406521642
0.0655985787968371
0.0715094815217671
0.0697769755506669
0.0680954256375405
0.0708470527681113
0.070643228536217
0.0678406453476729
0.0709999209420317
0.0703884482463492
0.06967506343472
0.0729872072029995
0.0675349089998313
0.0728343390290791
0.0718661739275818
0.0718661739275818
0.068248293811461
0.0688597665071435
0.0699298437245878
0.0121471663539118
0.203318642496852
0.612707729076988
0.064836782256741
0.0129814141889104
0.0018507460598216
0.01558613636892
0.0311920142484454
0.019987889628491
0.0169466930348558
0.0228076197362443
0.0162727026608155
0.0168272526170465
0.0182338449886314
0.012064266699953
0.0202519772872382
0.021502228570454
0.0201846987715115
0.0143615484393511
0.420487633932697
0.0147124140603884
0.13148278039051
0.0149287890443232
0.105012907355825
0.0340419126252264
0.017741663835475
0.0212036635784311
0.0250984132892566
0.0284161630429229
0.0225740384766846
0.0237280383910032
0.024737788316032
0.030940537855495
0.0276949130964736
0.0257475382410612
0.0196169136962429
0.0263245381982202
0.028344038048278
0.0274064131178939
0.0266851631714448
0.0280555380696982
0.0269015381553796
0.0214921635570106
0.582768871883763
1.24790557249919
0.116408656509722
0.0273342881232492
0.0253869132678363
0.0681570350922728
0.0262524132035752
0.0292816629786618
0.0253147882731914
0.0237280383910032
0.0248099133106769
0.0211315385837862
0.0257475382410612
0.0228625384552643
0.024737788316032
0.0238001633856481
0.02646878818751
0.0262524132035752
0.023872288380293
0.0252426632785465
0.0289210380054372
0.0259639132249955
0.0231510384338438
0.0275506631071837
0.0273342881232492
0.024665663321387
0.0222134135034599
0.0316617878019445
0.0207709136105616
0.0227182884659744
0.0298586629358212
0.0266851631714448
0.0227182884659744
0.0252426632785465
0.0252426632785465
0.0248820383053218
0.0227904134606193
0.0240165383695829
0.0222855384981048
0.0267572881660898
0.0243050383481628
0.0248099133106769
0.110919493515779
0.20610424463135
0.60980409295374
0.0695347722572448
0.0203488754808998
0.0147447682796764
0.0203061732441085
0.0207976279425481
0.0234285797667501
0.0202319010541109
0.0188490378877932
0.019930677676607
0.0261270000445092
0.0262080166601978
0.0209460427451033
0.0307718387310553
0.0228379818422905
0.0207780168753775
0.0215818397349576
0.432302104994077
0.00974373606548373
0.129389141654221
0.0139156804695743
0.10160101196269
0.0411078181033783
0.017119137779858
0.0128726943685515
0.0118297082675287
0.0142136764984377
0.0154056606138919
0.0135431854334946
0.0111592172025856
0.00989273407991553
0.0133196884118469
0.00989273407991553
0.0120532052891764
0.00721076982014312
0.0139901794767902
0.0157781556499716
0.0113082152170174
0.0143626745128695
0.590686994335084
1.29596909564802
0.109795902756439
0.00683827478406362
0.0146606705417329
0.0149586665705965
0.0127236963541197
0.00959473805105193
0.0180876248736643
0.0120532052891764
0.0101162311015632
0.0128726943685515
0.0091477440077563
0.0113827142242333
0.0127236963541197
0.0133941874190628
0.0151076645850283
0.0163741477076988
0.0148096685561647
0.0127236963541197
0.0133196884118469
0.0124257003252561
0.00542279364696129
0.0150331655778124
0.0110102191881538
0.0119042072747446
0.0148841675633806
0.0057952886830408
0.015331161606676
0.0114572132314492
0.0104142271304268
0.0100417320943473
0.0143626745128695
0.0147351695489488
0.0128726943685515
0.0136921834479264
0.0140646784840061
0.00276476240270984
0.0166304870243454
0.0114670056549346
0.013532829533116
0.0153286611843665
0.0144974700174858
0.0124061059882503
0.0123361440873586
0.0115765024142537
0.0106354355505291
0.0142929395034012
0.0157224537712394
0.0104139114509709
0.00771372034347317
0.00689312290218158
0.0147527089252592
0.0109353665208677
0.00771521934194452
0.00449621567026836
0.0159515215752408
0.203460283283352
0.611716243571488
0.0628836852902394
0.0077561282879468
0.0094882196716588
0.0149927296419856
0.00823514493334376
0.00268424401264444
0.00907852657739449
0.00709939496939648
0.0045337603444211
0.0107900343657363
0.00283459356724069
0.00452306001811431
0.0116607122319236
0.00574461401789228
0.00673478144435191
0.00792745024796559
0.00299466842204187
0.473342628101133
0.0111415351885046
0.133198370613362
0.00831941182608009
0.0179616666476973
0.00479175762304961
0.00722191940735972
0.00847619645732589
0.00682995782924478
0.010827965926013
0.0106711812947672
0.0090249426666864
0.00463497299180382
0.014904366338404
0.00831941182608009
0.0099656504541612
0.0115334967666189
0.00855458877294901
0.00941690424480068
0.00878976571981748
0.606374387713198
1.35658884822436
0.106231414039084
0.0062812116198847
0.0163938203352391
0.0212541439038591
0.0109063582416357
0.0063596039355076
0.00330230362621453
0.0071435270917366
0.0103576120322756
0.0105927889791441
0.00706513477611392
0.00761388098547399
0.0125525968697166
0.00487014993867229
0.00385104983557482
0.0104360043478983
0.00847619645732589
0.0065947808823763
0.0130877061353138
0.00417042323000038
0.0256267568526553
0.0181692736831999
0.0108193290787024
0.00972305704810128
0.0108600794238906
0.0140234005558166
0.0114897777686457
0.0111642149644199
0.0143391869297504
0.0117091269754929
0.0110852902006335
0.00969215142128354
0.0153499844373099
0.0126374856213036
0.0146525806414219
0.0162808856262213
0.00759804987252099
0.0111642631748407
0.0118618973675752
0.0107766157643796
0.00821830842722137